{ 'properties': [{
	'surveys': 'Dummy 2020',
	'nFRBs': 4,
	'FWHM_2': 0.45,
	'R': 0.11666666666666667,
	'beams': 3,
	'tpb': 568,
	'flux': [7.2, 53.8, 9.2, 3.5]
	},
	{'surveys': 'Dummiest 2020',
	'nFRBs': 3,
	'FWHM_2': 0.138,
	'R': 0.11666666666666667,
	'beams': 2,
	'tpb': 181,
	'flux': [7.3, 54.9, 10.2, 2.5]
	}
]}